0.000000e+00
1.000000e-01
2.000000e-01
3.000000e-01
4.000000e-01
5.000000e-01
6.000000e-01
7.000000e-01
8.000000e-01
9.000000e-01
1.000000e+00
1.100000e+00
1.200000e+00
1.300000e+00
1.400000e+00
1.500000e+00
1.600000e+00
1.700000e+00
1.800000e+00
1.900000e+00
2.000000e+00
2.100000e+00
2.200000e+00
2.300000e+00
2.400000e+00
2.500000e+00
2.600000e+00
2.700000e+00
2.800000e+00
2.900000e+00
3.000000e+00
3.100000e+00
3.200000e+00
3.300000e+00
3.400000e+00
3.500000e+00
3.600000e+00
3.700000e+00
3.800000e+00
3.900000e+00
4.000000e+00
4.100000e+00
4.200000e+00
4.300000e+00
4.400000e+00
4.500000e+00
4.600000e+00
4.700000e+00
4.800000e+00
4.900000e+00
5.000000e+00
5.100000e+00
5.200000e+00
5.300000e+00
5.400000e+00
5.500000e+00
5.600000e+00
5.700000e+00
5.800000e+00
5.900000e+00
6.000000e+00
6.100000e+00
6.200000e+00
6.300000e+00
6.400000e+00
6.500000e+00
6.600000e+00
6.700000e+00
6.800000e+00
6.900000e+00
7.000000e+00
7.100000e+00
7.200000e+00
7.300000e+00
7.400000e+00
7.500000e+00
7.600000e+00
7.700000e+00
7.800000e+00
7.900000e+00
8.000000e+00
8.100000e+00
8.200000e+00
8.300000e+00
8.400000e+00
8.500000e+00
8.600000e+00
8.700000e+00
8.800000e+00
8.900000e+00
9.000000e+00
9.100000e+00
9.200000e+00
9.300000e+00
9.400000e+00
9.500000e+00
9.600000e+00
9.700000e+00
9.800000e+00
9.900000e+00
1.000000e+01
1.010000e+01
1.020000e+01
1.030000e+01
1.040000e+01
1.050000e+01
1.060000e+01
1.070000e+01
1.080000e+01
1.090000e+01
1.100000e+01
1.110000e+01
1.120000e+01
1.130000e+01
1.140000e+01
1.150000e+01
1.160000e+01
1.170000e+01
1.180000e+01
1.190000e+01
1.200000e+01
1.210000e+01
1.220000e+01
1.230000e+01
1.240000e+01
1.250000e+01
1.260000e+01
1.270000e+01
1.280000e+01
1.290000e+01
1.300000e+01
1.310000e+01
1.320000e+01
1.330000e+01
1.340000e+01
1.350000e+01
1.360000e+01
1.370000e+01
1.380000e+01
1.390000e+01
1.400000e+01
1.410000e+01
1.420000e+01
1.430000e+01
1.440000e+01
1.450000e+01
1.460000e+01
1.470000e+01
1.480000e+01
1.490000e+01
1.500000e+01
1.510000e+01
1.520000e+01
1.530000e+01
1.540000e+01
1.550000e+01
1.560000e+01
1.570000e+01
1.580000e+01
1.590000e+01
1.600000e+01
1.610000e+01
1.620000e+01
1.630000e+01
1.640000e+01
1.650000e+01
1.660000e+01
1.670000e+01
1.680000e+01
1.690000e+01
1.700000e+01
1.710000e+01
1.720000e+01
1.730000e+01
1.740000e+01
1.750000e+01
1.760000e+01
1.770000e+01
1.780000e+01
1.790000e+01
1.800000e+01
1.810000e+01
1.820000e+01
1.830000e+01
1.840000e+01
1.850000e+01
1.860000e+01
1.870000e+01
1.880000e+01
1.890000e+01
1.900000e+01
1.910000e+01
1.920000e+01
1.930000e+01
1.940000e+01
1.950000e+01
1.960000e+01
1.970000e+01
1.980000e+01
1.990000e+01
2.000000e+01
2.010000e+01
2.020000e+01
2.030000e+01
2.040000e+01
2.050000e+01
2.060000e+01
2.070000e+01
2.080000e+01
2.090000e+01
2.100000e+01
2.110000e+01
2.120000e+01
2.130000e+01
2.140000e+01
2.150000e+01
2.160000e+01
2.170000e+01
2.180000e+01
2.190000e+01
2.200000e+01
2.210000e+01
2.220000e+01
2.230000e+01
2.240000e+01
2.250000e+01
2.260000e+01
2.270000e+01
2.280000e+01
2.290000e+01
2.300000e+01
2.310000e+01
2.320000e+01
2.330000e+01
2.340000e+01
2.350000e+01
2.360000e+01
2.370000e+01
2.380000e+01
2.390000e+01
2.400000e+01
2.410000e+01
2.420000e+01
2.430000e+01
2.440000e+01
2.450000e+01
2.460000e+01
2.470000e+01
2.480000e+01
2.490000e+01
2.500000e+01
2.510000e+01
2.520000e+01
2.530000e+01
2.540000e+01
2.550000e+01
2.560000e+01
2.570000e+01
2.580000e+01
2.590000e+01
2.600000e+01
2.610000e+01
2.620000e+01
2.630000e+01
2.640000e+01
2.650000e+01
2.660000e+01
2.670000e+01
2.680000e+01
2.690000e+01
2.700000e+01
2.710000e+01
2.720000e+01
2.730000e+01
2.740000e+01
2.750000e+01
2.760000e+01
2.770000e+01
2.780000e+01
2.790000e+01
2.800000e+01
2.810000e+01
2.820000e+01
2.830000e+01
2.840000e+01
2.850000e+01
2.860000e+01
2.870000e+01
2.880000e+01
2.890000e+01
2.900000e+01
2.910000e+01
2.920000e+01
2.930000e+01
2.940000e+01
2.950000e+01
2.960000e+01
2.970000e+01
2.980000e+01
2.990000e+01
3.000000e+01
3.010000e+01
3.020000e+01
3.030000e+01
3.040000e+01
3.050000e+01
3.060000e+01
3.070000e+01
3.080000e+01
3.090000e+01
3.100000e+01
3.110000e+01
3.120000e+01
3.130000e+01
3.140000e+01
3.150000e+01
3.160000e+01
3.170000e+01
3.180000e+01
3.190000e+01
3.200000e+01
3.210000e+01
3.220000e+01
3.230000e+01
3.240000e+01
3.250000e+01
3.260000e+01
3.270000e+01
3.280000e+01
3.290000e+01
3.300000e+01
3.310000e+01
3.320000e+01
3.330000e+01
3.340000e+01
3.350000e+01
3.360000e+01
3.370000e+01
3.380000e+01
3.390000e+01
3.400000e+01
3.410000e+01
3.420000e+01
3.430000e+01
3.440000e+01
3.450000e+01
3.460000e+01
3.470000e+01
3.480000e+01
3.490000e+01
3.500000e+01
3.510000e+01
3.520000e+01
3.530000e+01
3.540000e+01
3.550000e+01
3.560000e+01
3.570000e+01
3.580000e+01
3.590000e+01
3.600000e+01
3.610000e+01
3.620000e+01
3.630000e+01
3.640000e+01
3.650000e+01
3.660000e+01
3.670000e+01
3.680000e+01
3.690000e+01
3.700000e+01
3.710000e+01
3.720000e+01
3.730000e+01
3.740000e+01
3.750000e+01
3.760000e+01
3.770000e+01
3.780000e+01
3.790000e+01
3.800000e+01
3.810000e+01
3.820000e+01
3.830000e+01
3.840000e+01
3.850000e+01
3.860000e+01
3.870000e+01
3.880000e+01
3.890000e+01
3.900000e+01
3.910000e+01
3.920000e+01
3.930000e+01
3.940000e+01
3.950000e+01
3.960000e+01
3.970000e+01
3.980000e+01
3.990000e+01
4.000000e+01
4.010000e+01
4.020000e+01
4.030000e+01
4.040000e+01
4.050000e+01
4.060000e+01
4.070000e+01
4.080000e+01
4.090000e+01
4.100000e+01
4.110000e+01
4.120000e+01
4.130000e+01
4.140000e+01
4.150000e+01
4.160000e+01
4.170000e+01
4.180000e+01
4.190000e+01
4.200000e+01
4.210000e+01
4.220000e+01
4.230000e+01
4.240000e+01
4.250000e+01
4.260000e+01
4.270000e+01
4.280000e+01
4.290000e+01
4.300000e+01
4.310000e+01
4.320000e+01
4.330000e+01
4.340000e+01
4.350000e+01
4.360000e+01
4.370000e+01
4.380000e+01
4.390000e+01
4.400000e+01
4.410000e+01
4.420000e+01
4.430000e+01
4.440000e+01
4.450000e+01
4.460000e+01
4.470000e+01
4.480000e+01
4.490000e+01
4.500000e+01
4.510000e+01
4.520000e+01
4.530000e+01
4.540000e+01
4.550000e+01
4.560000e+01
4.570000e+01
4.580000e+01
4.590000e+01
4.600000e+01
4.610000e+01
4.620000e+01
4.630000e+01
4.640000e+01
4.650000e+01
4.660000e+01
4.670000e+01
4.680000e+01
4.690000e+01
4.700000e+01
4.710000e+01
4.720000e+01
4.730000e+01
4.740000e+01
4.750000e+01
4.760000e+01
4.770000e+01
4.780000e+01
4.790000e+01
4.800000e+01
4.810000e+01
4.820000e+01
4.830000e+01
4.840000e+01
4.850000e+01
4.860000e+01
4.870000e+01
4.880000e+01
4.890000e+01
4.900000e+01
4.910000e+01
4.920000e+01
4.930000e+01
4.940000e+01
4.950000e+01
4.960000e+01
4.970000e+01
4.980000e+01
4.990000e+01
5.000000e+01
5.010000e+01
5.020000e+01
5.030000e+01
5.040000e+01
5.050000e+01
5.060000e+01
5.070000e+01
5.080000e+01
5.090000e+01
5.100000e+01
5.110000e+01
5.120000e+01
5.130000e+01
5.140000e+01
5.150000e+01
5.160000e+01
5.170000e+01
